repo		with		without		BMCL
mockito		0.258		0.230		0.152
neo4j		0.199		0.242		0.159
rhino		0.287		0.273		0.184
spring-security	0.321		0.327		0.176
jersey		0.183		0.193		0.139


run time
repo		BMCL		our(without comment)		our(with comment)
zxing		1222236(1415090)		891858 ms			834724 ms
cocos2d		971849(1075585) 779672 ms			764710 ms
guice		1682632(1733736)		1441873 ms 			1394256 ms
*jersey		2375358(3353326)		2777646 ms			2894939 ms
*spring-security	1937305(1857340)		2981257 ms			3014455 ms
jna		1404617(1084757)		793946 ms			805987 ms
libgdx		5684169(3298026)		3431965 ms			3055916 ms
*mockito		958451(1367279)		970912 ms			1220335 ms
neo4j		9157035(9308212)		8128347 ms			8256524 ms
*rhino		1827095(2071323)		2966990 ms			2842656 ms



zxing 			1246462  2480207  3702443  4906838
cocos2d 		737149 1710781  2706717  3678566
guice  			1847323 3605204  5287836  7102067
jersey 			2973847 5378157  7754471  10129829
spring-security		2179803 4086344  6023649  7966075
jna			1367393 2857277  4261894  5617392
libgdx			5446229 11130398 16542478 27396894
mockito			1151283 2111265  3069716  4018453
neo4j			10617170 19920322  29077357  38281893
rhino			2569204  4436508  6293272  8120367


Accuracy

our:

0.2138333333333333 0.3055 0.3833333333333332 0.43116666666666675 0.4606666666666668 0.4813333333333334 0.5028333333333335 0.5201666666666667 0.5363333333333334 0.552 0.5785 0.5885 0.625 0.6275 0.6353333333333334 0.6536666666666667 0.6636666666666667 0.665666666666667 0.6831666666666666 0.7015 0.7123333333333334 0.7256666666666667 0.7276666666666667 0.7363333333333333 0.7488333333333334 0.7661666666666668 0.7711666666666669 0.7736666666666668 0.7795000000000003 0.7845000000000003 0.7935000000000001 0.8026666666666666 0.8026666666666666 0.8126666666666666 0.8260000000000001 0.8313333333333336 0.8353333333333333 0.8373333333333334 0.8406666666666668 0.8406666666666668 0.8465 0.8638333333333335 0.8638333333333335 0.8638333333333335 0.8638333333333335 0.8688333333333333 0.8721666666666666 0.8721666666666666 0.8771666666666667 0.8871666666666667

ICML:

0.1025 0.17083333333333336 0.25199999999999995 0.2828333333333333 0.30866666666666664 0.3328333333333333 0.37150000000000005 0.39350000000000007 0.41100000000000014 0.43633333333333346 0.4546666666666668 0.4830000000000001 0.5055000000000001 0.5221666666666667 0.5538333333333333 0.5638333333333333 0.5788333333333333 0.5946666666666666 0.6080000000000001 0.618 0.638 0.638 0.6413333333333333 0.6463333333333332 0.653 0.6579999999999999 0.6738333333333334 0.6846666666666665 0.7063333333333334 0.7088333333333334 0.7088333333333334 0.7163333333333334 0.7296666666666667 0.7413333333333334 0.7446666666666668 0.7546666666666667 0.7671666666666667 0.7838333333333333 0.7858333333333333 0.8033333333333335 0.8066666666666668 0.815 0.8175 0.8208333333333333 0.8233333333333333 0.8283333333333333 0.8316666666666667 0.8366666666666667 0.8386666666666668 0.8486666666666668
