0.009239503
0.003185224
0.012826881
0.012476595
0.002228356
9.75E-04
0.006085531
7.86E-05
3.13E-04
0.004525015
0.005559369
1.40E-04
0.00481474
0.022769976
0.001001603
9.05E-05
0.005622914
0.014592712
0.012154461
9.28E-04
0.003911549
0.00191982
0.011144806
0.006908752
0.011314107
0.001416897
0.00360984
0.002913259
4.14E-05
7.68E-04
0.002805994
3.20E-05
0.002609235
7.41E-05
0.004905798
4.88E-04
0.010159301
0.004522508
0.017828192
0.001391401
0.002186878
0.010583658
0.008055081
4.91E-04
0.005604925
0.020836575
5.54E-04
0.001377122
2.29E-04
1.16E-04
0.00212697
0.004137565
1.94E-04
0.001754647
5.03E-05
0.001154671
7.39E-04
2.30E-04
0.017306923
3.00E-04
0.001631308
6.68E-05
2.04E-04
0.001670559
0.015010457
0.017838157
0.013410218
0.001982469
0.006263038
0.001580989
7.07E-04
2.53E-05
0.004912601
0.002216553
0.004484665
7.22E-06
1.46E-05
5.04E-05
0.020668868
1.22E-04
0.006533477
0.009353757
0.017063858
0.009033465
0.008053645
0.001168691
3.25E-04
0.009219107
0.001255975
2.71E-04
7.74E-05
0.003611283
8.74E-04
8.99E-04
5.25E-04
5.07E-04
0.005654727
3.60E-04
5.06E-04
0.007550902
