0.939270806
0.019521636
0.087877876
0.713771028
0.163636602
6.431667402
0.917461512
0.887780356
4.734061614
0.034208488
0.617772537
0.034208488
0.342497663
0.056676561
0.064377092
0.010007153
0.341598436
0.037750545
0.140309241
1.158048847
0.199416386
0.041057466
0.100839221
0.321715626
0.020636534
0.020110345
0.17224281
0.129915841
0.617444293
0.009747118
0.177935272
0.605636606
1.772804502
0.103404296
0.061583996
0.0908864
0.010065404
0.200444263
0.151938866
0.064660085
0.188138651
1.647622738
0.020780359
0.107287282
0.018267337
0.036945534
0.023254522
0.537484651
0.172189222
0.552408875
0.17458568
1.374131233
0.043746463
1.033553265
0.020541444
0.015296579
3.7333952
0.086066943
0.534003018
0.088621084
0.061104038
0.106474995
0.118319309
0.06734981
0.394446713
0.478769584
0.021983497
0.038541708
0.080913611
1.490002789
0.054112962
0.056359335
0.929845353
0.008985617
0.017105837
0.013390929
0.03226516
0.019345781
0.013327332
0.892762427
0.071477419
0.037534273
1.400151527
4.734061614
0.148434142
0.199723331
0.102777778
0.09168286
1.64150607
0.154517458
0.013460216
0.033258434
0.037577289
0.019420773
0.013152735
0.020020791
0.15335913
1.320310545
0.348785489
0.211157114
