Accuracy
(zxing)
our:

0.2138333333333333 0.3055 0.3833333333333332 0.43116666666666675 0.4606666666666668 0.4813333333333334 0.5028333333333335 0.5201666666666667 0.5363333333333334 0.552 0.5785 0.5885 0.625 0.6275 0.6353333333333334 0.6536666666666667 0.6636666666666667 0.665666666666667 0.6831666666666666 0.7015 0.7123333333333334 0.7256666666666667 0.7276666666666667 0.7363333333333333 0.7488333333333334 0.7661666666666668 0.7711666666666669 0.7736666666666668 0.7795000000000003 0.7845000000000003 0.7935000000000001 0.8026666666666666 0.8026666666666666 0.8126666666666666 0.8260000000000001 0.8313333333333336 0.8353333333333333 0.8373333333333334 0.8406666666666668 0.8406666666666668 0.8465 0.8638333333333335 0.8638333333333335 0.8638333333333335 0.8638333333333335 0.8688333333333333 0.8721666666666666 0.8721666666666666 0.8771666666666667 0.8871666666666667

ICML:

0.1025 0.17083333333333336 0.25199999999999995 0.2828333333333333 0.30866666666666664 0.3328333333333333 0.37150000000000005 0.39350000000000007 0.41100000000000014 0.43633333333333346 0.4546666666666668 0.4830000000000001 0.5055000000000001 0.5221666666666667 0.5538333333333333 0.5638333333333333 0.5788333333333333 0.5946666666666666 0.6080000000000001 0.618 0.638 0.638 0.6413333333333333 0.6463333333333332 0.653 0.6579999999999999 0.6738333333333334 0.6846666666666665 0.7063333333333334 0.7088333333333334 0.7088333333333334 0.7163333333333334 0.7296666666666667 0.7413333333333334 0.7446666666666668 0.7546666666666667 0.7671666666666667 0.7838333333333333 0.7858333333333333 0.8033333333333335 0.8066666666666668 0.815 0.8175 0.8208333333333333 0.8233333333333333 0.8283333333333333 0.8316666666666667 0.8366666666666667 0.8386666666666668 0.8486666666666668

(cocos2d)

our:
0.11366666666666665 0.21899999999999997 0.304 0.34733333333333344 0.3898333333333334 0.4431666666666667 0.4581666666666667 0.5068333333333332 0.5168333333333333 0.5454999999999999 0.5588333333333332 0.5738333333333332 0.5871666666666666 0.6154999999999999 0.6583333333333333 0.68 0.6983333333333335 0.7033333333333335 0.7083333333333335 0.725 0.7433333333333333 0.7533333333333333 0.7683333333333333 0.7883333333333333 0.8116666666666668 0.8199999999999998 0.8374999999999999 0.8424999999999998 0.8424999999999998 0.8599999999999999 0.8833333333333333 0.8883333333333333 0.8883333333333333 0.8966666666666667 0.8966666666666667 0.9 0.9 0.91 0.9125 0.9175 0.9225 0.9325 0.9425 0.9425 0.9425 0.9425 0.9425 0.9425 0.9475 0.9575

ICML:
0.12333333333333334 0.20999999999999996 0.25166666666666665 0.2783333333333333 0.3324999999999999 0.36166666666666664 0.3883333333333333 0.4375 0.48083333333333333 0.5133333333333333 0.5525000000000001 0.6000000000000001 0.6025 0.6091666666666667 0.6225 0.6516666666666667 0.6675 0.6725 0.6866666666666665 0.6933333333333335 0.6933333333333335 0.7091666666666666 0.7224999999999998 0.7408333333333331 0.7475 0.7608333333333333 0.7791666666666666 0.7875 0.7975 0.8208333333333334 0.8383333333333334 0.8433333333333334 0.8483333333333334 0.8716666666666667 0.8766666666666667 0.8766666666666667 0.885 0.885 0.89 0.8933333333333333 0.8983333333333333 0.9083333333333333 0.9083333333333333 0.9133333333333333 0.9133333333333333 0.9133333333333333 0.9283333333333332 0.9283333333333332 0.9308333333333333 0.9425

(guice)

our:
0.09223448773448772 0.1263416305916306 0.19208838383838375 0.20584271284271274 0.22125937950937943 0.24685461760461752 0.2535212842712842 0.2652276334776334 0.2903033910533909 0.30430772005771994 0.30755772005772 0.3290696248196248 0.34244264069264063 0.36494264069264076 0.3783914141414143 0.39388383838383845 0.3961060606060606 0.40062626262626266 0.40520959595959594 0.41354292929292924 0.4290826118326118 0.46305086580086574 0.46541197691197683 0.4769675324675324 0.4946544011544011 0.5015155122655122 0.506277417027417 0.5134559884559884 0.5316504329004329 0.535745670995671 0.5442178932178933 0.5543964646464647 0.5662738095238097 0.5754404761904763 0.5766904761904763 0.5840515873015873 0.5973849206349208 0.6115912698412698 0.6210357142857142 0.6291468253968254 0.6449801587301587 0.6549801587301587 0.6672420634920633 0.6722420634920633 0.6822420634920634 0.6922420634920635 0.6991865079365079 0.7111865079365081 0.7111865079365081 0.7231865079365081

ICML:
0.09541666666666666 0.14119047619047614 0.15571428571428567 0.18630952380952373 0.1975595238095237 0.21758333333333318 0.2445833333333332 0.271845238095238 0.290690476190476 0.30569047619047596 0.31695238095238076 0.33103571428571416 0.3387142857142857 0.3416309523809523 0.3516309523809523 0.36429761904761904 0.38048809523809524 0.41310714285714284 0.42477380952380955 0.4476071428571429 0.4611309523809524 0.4727976190476191 0.4950595238095239 0.5008928571428573 0.5058928571428573 0.5078928571428571 0.5288214285714286 0.5288214285714286 0.5358214285714286 0.5394880952380953 0.5478214285714285 0.5540714285714285 0.5574999999999999 0.5639285714285713 0.565595238095238 0.565595238095238 0.5702619047619046 0.5702619047619046 0.5702619047619046 0.5769285714285715 0.5907619047619047 0.6077619047619047 0.612095238095238 0.6175238095238094 0.6258571428571427 0.6283571428571427 0.6297857142857142 0.6381190476190475 0.6381190476190475 0.6462142857142856

(jna)

our:
0.08392857142857144 0.17976190476190473 0.24452380952380953 0.2953571428571428 0.3270238095238095 0.35061904761904755 0.367047619047619 0.3919761904761905 0.4063095238095238 0.4183095238095238 0.4240595238095238 0.4498928571428572 0.4661428571428572 0.4786428571428572 0.5048095238095238 0.5073095238095238 0.5296428571428572 0.5471428571428572 0.5671428571428572 0.5929761904761905 0.6128928571428571 0.6193214285714286 0.6469999999999999 0.6723333333333334 0.6848333333333335 0.7031666666666667 0.7064999999999999 0.7064999999999999 0.7164999999999998 0.7398333333333332 0.7439999999999998 0.7523333333333331 0.7573333333333331 0.7673333333333331 0.769833333333333 0.7743333333333331 0.776833333333333 0.776833333333333 0.7801666666666666 0.7826666666666665 0.7929999999999998 0.8046666666666665 0.8154999999999998 0.8179999999999998 0.8279999999999998 0.8379999999999999 0.8563333333333333 0.8600833333333333 0.8600833333333333 0.8733333333333334

ICML:
0.11949206349206346 0.2303492063492063 0.26681746031746023 0.2859126984126983 0.31734126984126976 0.3269365079365078 0.3446269841269842 0.35959523809523825 0.3705952380952382 0.395452380952381 0.40692063492063496 0.42284920634920636 0.43461111111111117 0.4620396825396826 0.47203968253968254 0.48953968253968255 0.4993174603174603 0.5133174603174603 0.525079365079365 0.5424126984126982 0.5578412698412697 0.5686746031746029 0.5759365079365079 0.5959365079365078 0.6099365079365078 0.6191031746031743 0.6266031746031744 0.6336031746031743 0.6464365079365076 0.6484365079365076 0.6534365079365076 0.661269841269841 0.6771984126984125 0.6821984126984124 0.6953650793650792 0.7036984126984126 0.7086984126984126 0.7131984126984127 0.714626984126984 0.7254603174603175 0.732126984126984 0.7332380952380951 0.7349047619047617 0.7435714285714284 0.7610714285714285 0.7675158730158729 0.7748492063492063 0.7848492063492064 0.7881825396825398 0.7976825396825398

(jersey)

our:
0.12101190476190476 0.18777380952380945 0.24427380952380948 0.2739523809523809 0.30321428571428566 0.3136309523809523 0.3501309523809525 0.3598928571428573 0.38072619047619055 0.39072619047619056 0.42108333333333337 0.45358333333333334 0.47867857142857145 0.49344047619047615 0.5137738095238094 0.5170238095238094 0.5295238095238094 0.5348571428571428 0.5423571428571428 0.5593571428571428 0.5696904761904761 0.6033571428571428 0.6133571428571428 0.6283571428571428 0.6346071428571428 0.6402738095238095 0.6492738095238094 0.6526071428571428 0.6579404761904761 0.6604404761904762 0.6704404761904762 0.6757738095238095 0.6841071428571429 0.6920238095238096 0.7003571428571429 0.7049404761904764 0.7182738095238095 0.7182738095238095 0.7233690476190476 0.7339642857142857 0.737297619047619 0.7451309523809525 0.7463809523809525 0.7497142857142859 0.7536428571428573 0.7636428571428573 0.7656428571428573 0.7756428571428572 0.7873095238095239 0.7873095238095239

ICML:
0.09820238095238094 0.23436904761904756 0.24904761904761893 0.2610476190476189 0.2750476190476189 0.28788095238095224 0.31830952380952365 0.3308214285714285 0.3374880952380952 0.35591666666666666 0.37050000000000005 0.40800000000000003 0.42026190476190484 0.42702380952380964 0.44095238095238093 0.4467857142857143 0.47261904761904766 0.47961904761904767 0.4808690476190477 0.49411904761904774 0.5030476190476192 0.5180476190476191 0.5180476190476191 0.5228095238095238 0.5267380952380953 0.5287380952380952 0.5495714285714286 0.5645714285714285 0.5832619047619048 0.5960952380952381 0.6008571428571429 0.6087738095238096 0.6196071428571429 0.6321071428571429 0.6421071428571429 0.6471071428571428 0.652940476190476 0.6721071428571428 0.6837738095238095 0.695440476190476 0.7037738095238093 0.7121071428571426 0.7221071428571426 0.730440476190476 0.7387738095238094 0.7637738095238095 0.7685357142857143 0.7699642857142857 0.7749642857142857 0.7749642857142857

(libgdx)

our:
0.20558333333333334 0.26466666666666666 0.3270833333333333 0.3432499999999999 0.3814999999999999 0.41108333333333325 0.43650000000000005 0.4648333333333333 0.5018333333333334 0.5459999999999999 0.5776666666666667 0.591 0.6113333333333333 0.6196666666666667 0.6455 0.6488333333333333 0.6570833333333335 0.6833333333333335 0.6858333333333334 0.6883333333333335 0.695 0.7019999999999998 0.709 0.7389999999999999 0.744833333333333 0.7526666666666665 0.7676666666666665 0.7809999999999999 0.7993333333333332 0.8013333333333332 0.8046666666666665 0.8196666666666665 0.8321666666666665 0.8391666666666664 0.8524999999999998 0.8574999999999998 0.8641666666666665 0.8741666666666665 0.8891666666666665 0.8991666666666666 0.9016666666666666 0.9266666666666665 0.9299999999999998 0.9299999999999998 0.9449999999999998 0.9549999999999998 0.9599999999999999 0.9599999999999999 0.9683333333333333 0.9683333333333333

ICML:
0.1525 0.18666666666666665 0.22499999999999998 0.26666666666666666 0.29166666666666663 0.34033333333333327 0.3489999999999999 0.3656666666666666 0.3839999999999999 0.40399999999999997 0.41266666666666657 0.43599999999999994 0.43933333333333324 0.4409999999999999 0.46766666666666656 0.4743333333333332 0.48933333333333323 0.5301666666666667 0.5401666666666667 0.5468333333333333 0.5671666666666666 0.5766666666666667 0.585 0.6050000000000001 0.6295000000000001 0.6345000000000001 0.6378333333333334 0.6495000000000001 0.6661666666666668 0.6911666666666666 0.7028333333333333 0.7086666666666666 0.7206666666666667 0.7206666666666667 0.7290000000000001 0.7556666666666666 0.7609999999999999 0.7693333333333334 0.7826666666666666 0.8059999999999998 0.8113333333333334 0.8266666666666667 0.8283333333333333 0.8341666666666667 0.8375 0.8425 0.8475 0.8475 0.8625 0.8875

(mockito)

our:
need to run again
0.07727380952380951 0.12529761904761907 0.17957539682539678 0.2234365079365079 0.2651150793650794 0.26987698412698413 0.2894603174603174 0.30700000000000005 0.31144444444444447 0.3258888888888889 0.3313055555555556 0.3511666666666667 0.36842857142857144 0.38110714285714287 0.39180158730158743 0.40277380952380964 0.41888492063492067 0.42610714285714285 0.43546825396825406 0.4452301587301588 0.4488412698412699 0.4621746031746031 0.46763095238095237 0.4788373015873015 0.49601587301587297 0.498515873015873 0.5139722222222222 0.5271666666666666 0.5418888888888886 0.5443888888888886 0.5522222222222221 0.5608333333333331 0.5658333333333331 0.5820833333333331 0.5835119047619045 0.5935119047619045 0.6093452380952379 0.6300396825396823 0.6350396825396823 0.6407341269841268 0.6474007936507935 0.6557341269841268 0.6844246031746031 0.694424603174603 0.698174603174603 0.698174603174603 0.6998412698412696 0.7048412698412697 0.718174603174603 0.7348412698412697

ICML:
0.052670024420024435 0.06278907203907205 0.09981288156288157 0.11940811965811968 0.12700335775335778 0.1423366910866911 0.15714260739260738 0.17034040959040955 0.1844439449439449 0.1970980963480963 0.21381970806970807 0.22784748584748585 0.24119705294705288 0.25275596625596625 0.2676726329226329 0.2787483904983904 0.296288073038073 0.3040017482517482 0.32491841491841483 0.33795412920412915 0.3607041292041291 0.38107714507714513 0.3981882561882562 0.40997397047397044 0.4202432012432012 0.4365884393384394 0.4514614552114552 0.4555640193140193 0.4633342213342214 0.47027866577866584 0.47799691974691977 0.4901199356199356 0.49556438006438003 0.5061477133977134 0.5189288489288488 0.5208091908091906 0.5339044289044287 0.5470710955710953 0.5661663336663334 0.5732774447774446 0.5804752469752468 0.5804752469752468 0.5838085803085802 0.5885704850704848 0.5926776279276278 0.5999276279276277 0.6158561993561991 0.6225228660228658 0.6357847707847705 0.6416938616938614

(neo4j)

our:
0.058572510822510825 0.10148160173160176 0.11648593073593075 0.1390616883116883 0.16066125541125545 0.19392748917748917 0.22059415584415581 0.23634090909090907 0.24325 0.26500432900432896 0.2753376623376623 0.2854134199134199 0.29173160173160173 0.30123160173160174 0.3159935064935065 0.3184935064935065 0.32640259740259736 0.33515259740259734 0.3503950216450216 0.35663744588744584 0.37704653679653677 0.38995562770562764 0.4016222943722943 0.40553138528138516 0.4087813852813852 0.4124480519480519 0.42054329004328994 0.43395238095238087 0.43495238095238087 0.4399523809523809 0.4408614718614718 0.4458614718614718 0.46019480519480516 0.4646948051948052 0.4696948051948052 0.48361147186147185 0.4872781385281386 0.4951114718614719 0.5184448051948053 0.5246948051948053 0.5384448051948053 0.5471948051948052 0.5571948051948052 0.5716948051948052 0.5766948051948052 0.5786948051948052 0.5820281385281386 0.5865281385281386 0.5910281385281386 0.5910281385281386

ICML:
0.0246506549006549 0.03471017871017871 0.05053135753135754 0.0644352591852592 0.07341877566877568 0.07543897768897771 0.09339208014208017 0.11465337440337443 0.12358194583194586 0.15185117660117664 0.15994616494616498 0.17773620823620828 0.188505439005439 0.20545421245421241 0.21370096570096564 0.2251295371295371 0.2338197635697635 0.2437007159507159 0.24893520368520364 0.2638870851370851 0.27281565656565654 0.27622474747474746 0.2861056998556998 0.29564538239538235 0.3104072871572871 0.32398737373737363 0.32671464646464643 0.33004797979797973 0.34038131313131303 0.35954797979797976 0.3609765512265512 0.3618856421356421 0.3755685425685426 0.38647763347763353 0.39572005772005775 0.40377200577200584 0.4171053391053391 0.42553391053391043 0.42910533910533905 0.4431096681096681 0.4526493506493506 0.464077922077922 0.47062193362193355 0.48353860028860024 0.48853860028860024 0.500807831057831 0.5043078310578311 0.5151411643911644 0.5219103951603952 0.5283939116439116

(rhino)

our:
0.10826190476190475 0.13885714285714287 0.1686904761904762 0.22519047619047608 0.2696904761904761 0.3162857142857143 0.33561904761904754 0.3667857142857143 0.39761904761904765 0.4317857142857142 0.45628571428571435 0.4663809523809524 0.47814285714285715 0.5145714285714287 0.529904761904762 0.542404761904762 0.5602380952380953 0.5660714285714286 0.5783333333333335 0.6053333333333335 0.6211666666666669 0.6231666666666669 0.6331666666666669 0.6356666666666668 0.6460000000000001 0.6510000000000001 0.6776666666666666 0.6871666666666667 0.6963333333333332 0.7196666666666667 0.7255000000000001 0.7308333333333334 0.7416666666666667 0.75 0.7633333333333333 0.7716666666666667 0.7766666666666667 0.7883333333333331 0.7986666666666664 0.8053333333333333 0.8136666666666666 0.8214999999999999 0.824 0.824 0.8351666666666665 0.8384999999999999 0.8454999999999999 0.8525 0.8525 0.8608333333333333

ICML:
0.05708333333333333 0.09958333333333334 0.12708333333333335 0.1591666666666667 0.17624999999999996 0.2045833333333333 0.21624999999999997 0.24791666666666665 0.265 0.27833333333333327 0.2958333333333333 0.3425 0.35416666666666663 0.36583333333333334 0.38208333333333333 0.40375000000000016 0.4195833333333334 0.4262500000000001 0.4629166666666667 0.46875 0.47708333333333336 0.48666666666666664 0.4983333333333333 0.5033333333333333 0.5133333333333333 0.5191666666666667 0.5375 0.5458333333333334 0.5533333333333333 0.5791666666666668 0.5991666666666667 0.6291666666666668 0.6291666666666668 0.6358333333333334 0.6433333333333334 0.6558333333333334 0.6583333333333334 0.6683333333333334 0.6770833333333335 0.6954166666666666 0.7004166666666666 0.7154166666666667 0.7329166666666667 0.7387499999999999 0.7454166666666667 0.7529166666666667 0.7645833333333334 0.7770833333333335 0.7870833333333335 0.7954166666666667

(spring-security)

our:
0.08528571428571428 0.11529761904761907 0.14565476190476193 0.17541666666666672 0.20744047619047623 0.24094480519480524 0.2616158008658009 0.28022691197691196 0.30399314574314573 0.31715981240981245 0.3254931457431458 0.3371598124098125 0.3514419191919192 0.36227525252525256 0.3798704906204906 0.40213239538239537 0.4156323953823954 0.42424350649350645 0.4348387445887446 0.4554339826839827 0.480017316017316 0.4929339826839827 0.5036049783549784 0.5197160894660895 0.5247160894660895 0.5322160894660894 0.5418751803751803 0.5481251803751804 0.5506251803751804 0.5595696248196248 0.5689148629148629 0.5772481962481963 0.5920101010101011 0.5970101010101011 0.6050025252525253 0.6161136363636364 0.6219469696969697 0.6329588744588744 0.6329588744588744 0.6387922077922079 0.6487922077922079 0.6596255411255412 0.6638318903318904 0.6638318903318904 0.6694271284271285 0.6719271284271285 0.6735937950937951 0.6790862193362195 0.6915862193362194 0.7011695526695526

ICML:
0.05885714285714286 0.07476984126984126 0.08775396825396825 0.11067063492063489 0.12719841269841264 0.14447619047619042 0.17580952380952378 0.2053928571428571 0.23255952380952377 0.2549206349206348 0.26769841269841266 0.27412698412698405 0.29804365079365075 0.32582142857142854 0.3496111111111111 0.3556111111111111 0.367373015873016 0.3790634920634921 0.4161031746031748 0.42753174603174615 0.4429603174603176 0.4567936507936509 0.46665476190476207 0.4815714285714288 0.4876825396825398 0.4945158730158732 0.501388888888889 0.5145119047619048 0.5274404761904763 0.5341071428571429 0.5435515873015874 0.5573015873015873 0.5702301587301587 0.5760634920634919 0.5820634920634918 0.596865079365079 0.6074999999999997 0.6099285714285712 0.6131785714285712 0.6150119047619045 0.6254563492063491 0.6358293650793648 0.6440912698412697 0.6482023809523808 0.6507023809523809 0.655702380952381 0.6567023809523809 0.6645357142857143 0.6720357142857144 0.6837023809523811


guice
our:
0.06770238095238096 0.10432539682539684 0.15552777777777776 0.19705158730158726 0.2415753968253968 0.2808650793650794 0.32697222222222216 0.36313888888888884 0.40347222222222223 0.42351190476190476 0.4611071428571427 0.4992182539682539 0.5175873015873016 0.5340158730158729 0.5374444444444443 0.5570396825396824 0.5832301587301587 0.5880079365079365 0.6138134920634921 0.6149246031746032 0.6396865079365079 0.644686507936508 0.644686507936508 0.6544484126984128 0.6607380952380953 0.6819880952380954 0.6979166666666667 0.7166785714285713 0.7294563492063492 0.7432063492063492 0.7619682539682539 0.7792301587301587 0.7951031746031745 0.8041031746031746 0.8155317460317462 0.8269603174603174 0.8308888888888889 0.8383888888888887 0.8438055555555554 0.8538055555555553 0.8652499999999997 0.8733611111111109 0.8759007936507934 0.8871507936507935 0.8884007936507935 0.8945515873015871 0.8978015873015872 0.903079365079365 0.9075238095238093 0.9132182539682538
ICML:
0.03226190476190476 0.04785714285714286 0.06571428571428571 0.08297619047619045 0.10916666666666668 0.13476190476190478 0.13726190476190478 0.14702380952380956 0.17445238095238091 0.192547619047619 0.206297619047619 0.2212380952380952 0.2362380952380952 0.25299999999999995 0.27416666666666667 0.2999166666666666 0.3458690476190476 0.3533690476190475 0.37089285714285714 0.3768928571428571 0.39422619047619045 0.4028928571428571 0.43015476190476193 0.44515476190476194 0.45341666666666663 0.48177380952380944 0.5144523809523808 0.5197857142857142 0.5608809523809523 0.5679642857142856 0.576892857142857 0.5910595238095235 0.5998095238095236 0.6097261904761903 0.6154761904761903 0.6342261904761902 0.6608214285714282 0.6616547619047616 0.6699047619047616 0.6813333333333332 0.6992499999999999 0.6992499999999999 0.7042499999999999 0.7225 0.72875 0.72875 0.7307499999999999 0.7428333333333333 0.7474166666666666 0.7553333333333332

jna
our:
0.13385714285714287 0.22704761904761903 0.2942380952380952 0.34707142857142864 0.3855952380952381 0.4255238095238094 0.4554523809523809 0.49161904761904757 0.5119523809523809 0.5302857142857142 0.5746190476190475 0.5929523809523808 0.6041190476190476 0.6074523809523809 0.6330476190476191 0.6658809523809522 0.684547619047619 0.7118095238095238 0.7229761904761905 0.7424761904761903 0.7499761904761902 0.7680714285714285 0.7797380952380951 0.7814047619047616 0.7914047619047616 0.8034047619047618 0.8168333333333332 0.8243333333333333 0.8301666666666665 0.8326666666666666 0.8432619047619044 0.8457619047619045 0.8532619047619044 0.8582619047619044 0.8715952380952379 0.8794285714285713 0.8794285714285713 0.896095238095238 0.8977619047619046 0.9027619047619047 0.9205952380952381 0.9264285714285714 0.9303571428571429 0.9328571428571429 0.9328571428571429 0.9328571428571429 0.9353571428571429 0.937357142857143 0.937357142857143 0.9443571428571428
ICML:
0.08677777777777777 0.12305555555555557 0.17999999999999997 0.21516666666666662 0.24894444444444438 0.28544444444444433 0.31711111111111107 0.34327777777777774 0.36411111111111105 0.4002777777777776 0.43011111111111106 0.44527777777777766 0.4622777777777777 0.49761111111111106 0.5151111111111111 0.5192777777777777 0.5386111111111112 0.553611111111111 0.5759444444444445 0.5879444444444446 0.6079444444444446 0.6307777777777779 0.6349444444444445 0.6452777777777778 0.6622777777777779 0.6622777777777779 0.6656111111111112 0.686277777777778 0.6943888888888892 0.7077222222222224 0.7222222222222223 0.7255555555555556 0.7370555555555556 0.7482222222222222 0.7623888888888888 0.7757222222222222 0.7815555555555557 0.7940555555555556 0.8027222222222222 0.8135555555555556 0.8185555555555556 0.8302222222222221 0.8413888888888887 0.8472222222222221 0.8541666666666665 0.86 0.867 0.8689999999999999 0.8689999999999999 0.8781666666666667

libgdx
our:
0.125 0.21499999999999997 0.30333333333333334 0.33699999999999997 0.4028333333333333 0.44066666666666665 0.4798333333333333 0.5198333333333333 0.5481666666666666 0.5848333333333332 0.6323333333333333 0.6764999999999999 0.7031666666666666 0.709 0.7406666666666668 0.7573333333333335 0.7868333333333335 0.7943333333333336 0.8018333333333335 0.8151666666666668 0.8201666666666668 0.8405 0.8538333333333332 0.8613333333333333 0.8688333333333332 0.8813333333333334 0.8838333333333334 0.8883333333333333 0.8933333333333333 0.9033333333333333 0.9066666666666666 0.9166666666666665 0.9283333333333332 0.9308333333333333 0.9383333333333332 0.9383333333333332 0.9383333333333332 0.9475000000000001 0.9475000000000001 0.9508333333333334 0.9591666666666668 0.9625000000000001 0.9625000000000001 0.9625000000000001 0.9625000000000001 0.9650000000000002 0.97 0.97 0.97 0.9725
ICML:
0.07583333333333334 0.12083333333333332 0.1375 0.17916666666666664 0.21166666666666664 0.25583333333333336 0.27 0.31666666666666665 0.33416666666666667 0.34583333333333327 0.38916666666666666 0.4183333333333333 0.4558333333333332 0.46833333333333327 0.48666666666666664 0.5091666666666668 0.5441666666666667 0.5616666666666666 0.58 0.6074999999999999 0.6183333333333332 0.6483333333333333 0.66 0.6733333333333335 0.6900000000000002 0.7133333333333334 0.7400000000000003 0.7566666666666668 0.7816666666666668 0.7950000000000003 0.8033333333333335 0.8350000000000003 0.8491666666666668 0.8541666666666669 0.8541666666666669 0.8575000000000002 0.8791666666666669 0.8841666666666669 0.8958333333333335 0.9025000000000002 0.9075000000000002 0.9141666666666669 0.9141666666666669 0.9158333333333336 0.924166666666667 0.9275000000000001 0.9358333333333334 0.9358333333333334 0.9391666666666668 0.9425000000000001

zxing
our:
0.15226190476190474 0.254095238095238 0.35192857142857137 0.4220238095238096 0.5093571428571428 0.5493571428571429 0.6068571428571428 0.6193571428571427 0.6430238095238093 0.6611190476190475 0.6661190476190475 0.6777857142857142 0.6994523809523808 0.7147857142857142 0.721452380952381 0.721452380952381 0.7254523809523811 0.7421190476190476 0.7529523809523809 0.7637857142857143 0.7687857142857143 0.7824523809523809 0.7907857142857143 0.8019523809523811 0.8122857142857143 0.8122857142857143 0.823952380952381 0.8314523809523809 0.8334523809523811 0.848214285714286 0.850714285714286 0.850714285714286 0.850714285714286 0.8532142857142859 0.8565476190476192 0.8615476190476192 0.8743809523809526 0.8791428571428572 0.8791428571428572 0.8791428571428572 0.8824761904761906 0.8983095238095241 0.9016428571428574 0.9041428571428574 0.9074761904761907 0.9074761904761907 0.9144761904761906 0.9144761904761906 0.922809523809524 0.9281428571428573
ICML:
0.14283333333333337 0.22116666666666662 0.28733333333333333 0.3264999999999999 0.3881666666666665 0.42316666666666647 0.4768333333333333 0.49183333333333323 0.5121666666666667 0.5329999999999999 0.5596666666666665 0.5855 0.6088333333333332 0.6163333333333333 0.628 0.6596666666666667 0.6713333333333332 0.6866666666666665 0.6916666666666665 0.7075 0.7108333333333331 0.7199999999999999 0.7366666666666665 0.7583333333333332 0.7786666666666665 0.7906666666666663 0.8009999999999998 0.8063333333333331 0.8146666666666664 0.8254999999999998 0.8383333333333332 0.8453333333333333 0.8519999999999999 0.8573333333333332 0.8673333333333332 0.8756666666666665 0.8756666666666665 0.8756666666666665 0.8893333333333334 0.8976666666666666 0.9051666666666667 0.9085000000000001 0.9135000000000001 0.916 0.926 0.926 0.931 0.931 0.9368333333333334 0.9435000000000001

cocos2d
our:
0.20166666666666663 0.30116666666666664 0.44066666666666665 0.5060000000000001 0.5668333333333334 0.5943333333333335 0.6118333333333333 0.6435 0.6793333333333336 0.7013333333333334 0.7138333333333334 0.7371666666666666 0.7404999999999999 0.7438333333333332 0.7558333333333332 0.7666666666666666 0.7899999999999998 0.8049999999999998 0.8099999999999998 0.8258333333333333 0.8333333333333335 0.8483333333333334 0.855 0.86 0.875 0.8925 0.8925 0.9058333333333334 0.9091666666666667 0.9208333333333333 0.9283333333333332 0.9316666666666665 0.935 0.935 0.945 0.95 0.955 0.965 0.965 0.965 0.9683333333333333 0.9683333333333333 0.9741666666666666 0.9741666666666666 0.9741666666666666 0.9791666666666665 0.9791666666666665 0.9791666666666665 0.9791666666666665 0.9791666666666665
ICML:
0.10166666666666666 0.17500000000000004 0.31499999999999995 0.3899999999999999 0.4525 0.49333333333333335 0.5416666666666667 0.5733333333333335 0.5966666666666667 0.6149999999999999 0.6383333333333332 0.6466666666666666 0.6683333333333331 0.6925 0.7066666666666667 0.7066666666666667 0.7175000000000001 0.7258333333333334 0.7408333333333335 0.7708333333333335 0.7858333333333334 0.805 0.8133333333333335 0.8166666666666668 0.8191666666666667 0.8399999999999999 0.8449999999999999 0.8583333333333333 0.8716666666666666 0.8716666666666666 0.8766666666666666 0.8891666666666665 0.8891666666666665 0.8991666666666666 0.9141666666666666 0.9141666666666666 0.9174999999999999 0.9224999999999999 0.9299999999999998 0.9399999999999998 0.95 0.95 0.95 0.9533333333333333 0.9533333333333333 0.9591666666666667 0.9725 0.9725 0.9725 0.9775

mockito
our:
0.07505555555555557 0.11730555555555551 0.18583333333333332 0.23465079365079358 0.258079365079365 0.2929642857142857 0.31516269841269834 0.32770238095238086 0.3557698412698411 0.37386507936507923 0.40104365079365073 0.42797222222222225 0.437734126984127 0.4434841269841269 0.4641190476190475 0.48423015873015873 0.49549206349206343 0.5069206349206349 0.5089206349206349 0.5253888888888889 0.5338174603174604 0.547357142857143 0.5523968253968254 0.565531746031746 0.579781746031746 0.5862261904761905 0.598920634920635 0.622031746031746 0.6323650793650794 0.6486031746031746 0.657531746031746 0.6641428571428569 0.6739047619047618 0.6806190476190476 0.7047261904761905 0.7122261904761905 0.7355357142857142 0.7376785714285714 0.7461071428571429 0.7621071428571428 0.7698214285714284 0.7741071428571427 0.7809325396825395 0.7875436507936507 0.7936547619047619 0.7936547619047619 0.8031587301587301 0.8071865079365079 0.8216865079365079 0.8216865079365079
ICML:
0.07012301587301586 0.105281746031746 0.14626587301587304 0.19134126984126984 0.23695274170274166 0.2723737373737373 0.31130230880230875 0.33698917748917734 0.360624098124098 0.36621933621933617 0.39046176046176034 0.40639033189033186 0.44823556998556996 0.457719696969697 0.4742712842712842 0.4951443001443 0.5015728715728714 0.5120057720057719 0.5186724386724384 0.543748196248196 0.5674545454545454 0.5835656565656566 0.5911414141414142 0.5925699855699855 0.5935699855699856 0.6036695526695527 0.6162251082251082 0.6289989177489178 0.6345822510822512 0.6358322510822512 0.650594155844156 0.6650941558441559 0.6791417748917749 0.6841417748917749 0.6934751082251082 0.7182370129870128 0.7227370129870127 0.7291655844155843 0.7389274891774892 0.7425941558441558 0.7489393939393939 0.7521893939393938 0.7576179653679652 0.7584512987012987 0.7642846320346319 0.7782132034632033 0.7782132034632033 0.7878084415584413 0.8020147907647907 0.8133203463203462

neo4j
our:
0.05692857142857143 0.1566904761904762 0.1933928571428572 0.23557142857142854 0.27033333333333326 0.29699999999999993 0.3217499999999999 0.3444285714285714 0.3750119047619047 0.3838452380952381 0.3913452380952381 0.4075357142857143 0.416702380952381 0.4387857142857143 0.44211904761904763 0.45063095238095235 0.4745595238095237 0.48955952380952367 0.5299761904761904 0.5347261904761904 0.5749047619047619 0.5815714285714286 0.5871666666666667 0.5921666666666667 0.5954166666666667 0.6020833333333333 0.6154166666666666 0.6166666666666667 0.6235 0.629095238095238 0.6431785714285715 0.6485119047619048 0.6485119047619048 0.6597619047619048 0.6947619047619048 0.6986904761904762 0.7095238095238097 0.7170238095238096 0.7311904761904764 0.744107142857143 0.7536904761904762 0.7536904761904762 0.7616904761904761 0.7666904761904761 0.7700238095238094 0.7741904761904762 0.7791904761904762 0.7825238095238095 0.7875238095238093 0.7958571428571427
ICML:
0.020035714285714285 0.048726190476190485 0.07578571428571429 0.09583333333333334 0.12435714285714285 0.13636904761904764 0.15654761904761905 0.18097619047619046 0.20197619047619045 0.22524999999999995 0.25399999999999995 0.27933333333333327 0.29216666666666663 0.31124999999999986 0.34910714285714284 0.37744047619047627 0.3913690476190477 0.4040476190476191 0.41188095238095235 0.4211428571428572 0.430154761904762 0.44866666666666677 0.44991666666666674 0.45935714285714285 0.4743571428571428 0.4966190476190476 0.5187142857142857 0.522047619047619 0.533047619047619 0.5408809523809522 0.549547619047619 0.551547619047619 0.5559761904761904 0.5684761904761904 0.5819047619047617 0.6031547619047618 0.6109880952380952 0.6271666666666667 0.6325 0.6453571428571427 0.6492857142857141 0.6547142857142856 0.6672142857142856 0.6697142857142856 0.676797619047619 0.6794761904761905 0.6939761904761906 0.7022261904761904 0.7036547619047617 0.707154761904762

rhino
our:(without comment)
0.04033333333333333 0.08899999999999998 0.15100000000000002 0.218 0.2525 0.2720000000000001 0.31150000000000005 0.3681666666666667 0.39016666666666666 0.4193333333333332 0.42433333333333323 0.44099999999999995 0.4809999999999999 0.49766666666666665 0.5143333333333334 0.5418333333333333 0.5529999999999999 0.5883333333333333 0.5966666666666667 0.6133333333333334 0.6553333333333332 0.6844999999999999 0.694 0.6973333333333332 0.7056666666666664 0.7223333333333332 0.7438333333333333 0.7505000000000002 0.7621666666666667 0.7671666666666667 0.7821666666666667 0.7821666666666667 0.7871666666666667 0.8013333333333335 0.818 0.8205 0.8238333333333334 0.8371666666666665 0.843 0.843 0.86 0.86 0.865 0.8683333333333333 0.875 0.88 0.8883333333333334 0.8983333333333334 0.8983333333333334 0.9116666666666667
ICML:
0.04592857142857144 0.0825952380952381 0.12092857142857141 0.1651904761904762 0.21919047619047613 0.25585714285714284 0.2839523809523809 0.2934523809523809 0.3351190476190476 0.3526190476190476 0.37845238095238104 0.393452380952381 0.4234523809523811 0.4301190476190478 0.46128571428571435 0.46795238095238095 0.4896190476190477 0.49961904761904774 0.5262857142857144 0.537952380952381 0.542952380952381 0.5627142857142857 0.5818809523809524 0.590547619047619 0.5963809523809523 0.6013809523809523 0.6161428571428572 0.6311428571428572 0.6411428571428572 0.6561428571428572 0.6656428571428573 0.6739761904761906 0.6839761904761904 0.6923095238095239 0.7048095238095239 0.7173095238095238 0.7331428571428572 0.7484761904761905 0.765142857142857 0.7759761904761904 0.7893095238095238 0.7943095238095238 0.8134761904761904 0.8334761904761904 0.8401428571428572 0.8476428571428571 0.8526428571428571 0.8526428571428571 0.8601428571428572 0.8704761904761905

spring-security
our:
0.10496825396825397 0.16153174603174603 0.24501190476190474 0.2776904761904761 0.3101468253968253 0.32967063492063486 0.37041666666666656 0.4059682539682539 0.44631349206349197 0.467813492063492 0.4798968253968253 0.4883412698412698 0.5219246031746031 0.527797619047619 0.5401309523809522 0.5496309523809522 0.5813928571428569 0.5813928571428569 0.5863928571428569 0.6018095238095236 0.6101428571428569 0.6193095238095236 0.627642857142857 0.6422539682539682 0.6447539682539681 0.6500873015873015 0.6538373015873016 0.6538373015873016 0.6619325396825395 0.6694325396825396 0.7044325396825397 0.7100277777777777 0.7150277777777777 0.7182777777777777 0.7276230158730158 0.7413730158730157 0.7426230158730158 0.7477896825396826 0.7490396825396826 0.7490396825396826 0.7518174603174603 0.7518174603174603 0.7604841269841269 0.7604841269841269 0.7619126984126985 0.7629126984126984 0.7775793650793649 0.7775793650793649 0.7841626984126983 0.7874960317460316
ICML:
0.08080158730158729 0.14807539682539686 0.19826587301587295 0.23344047619047614 0.2625198412698412 0.286047619047619 0.3351269841269841 0.3638174603174603 0.3764960317460318 0.39570238095238097 0.4379047619047619 0.45276587301587307 0.4771507936507936 0.4869285714285714 0.5090238095238095 0.5235079365079366 0.5397579365079366 0.5422976190476191 0.5547976190476192 0.5659087301587302 0.5850753968253968 0.6043373015873016 0.6099484126984127 0.613281746031746 0.6174484126984128 0.6255436507936508 0.6319722222222223 0.6485793650793652 0.6589960317460317 0.6651071428571429 0.6719642857142857 0.6787261904761904 0.6925714285714286 0.6925714285714286 0.6936825396825398 0.7001111111111112 0.701777777777778 0.717388888888889 0.717388888888889 0.7240555555555557 0.7285 0.7310396825396827 0.7318730158730159 0.7331230158730159 0.7376230158730159 0.7434563492063492 0.7451230158730158 0.7487896825396825 0.7563293650793651 0.7646626984126983

jersey
our:
0.0995 0.20016666666666655 0.2424285714285713 0.2784285714285713 0.3118571428571427 0.3543571428571428 0.39135714285714285 0.4553571428571429 0.5061904761904763 0.5361904761904762 0.5536904761904762 0.5756904761904762 0.588190476190476 0.5985238095238095 0.6226904761904761 0.6357857142857142 0.6491190476190475 0.6591190476190475 0.6807857142857143 0.689952380952381 0.717452380952381 0.7436190476190476 0.7456190476190477 0.7572857142857146 0.7689523809523812 0.7706190476190479 0.7772857142857145 0.8014523809523811 0.8264523809523812 0.838714285714286 0.8451428571428573 0.8529761904761906 0.8777380952380952 0.8814047619047619 0.8914047619047619 0.8980714285714285 0.9050714285714285 0.9175714285714285 0.9192380952380952 0.9242380952380952 0.9267380952380952 0.9292380952380952 0.9292380952380952 0.9317380952380953 0.9317380952380953 0.9317380952380953 0.9367380952380953 0.9467380952380954 0.9467380952380954 0.9467380952380954
ICML:
0.031166666666666662 0.09724999999999998 0.14008333333333334 0.19125000000000003 0.24691666666666667 0.30058333333333337 0.3426666666666667 0.3666666666666667 0.38366666666666677 0.4031666666666666 0.4473333333333332 0.4601666666666665 0.4601666666666665 0.4743333333333332 0.4801666666666666 0.501 0.5226666666666667 0.5397500000000001 0.5450833333333334 0.57675 0.5900833333333333 0.5967499999999999 0.6109166666666666 0.6350833333333332 0.65875 0.6885833333333332 0.7130833333333331 0.7289166666666665 0.7401666666666665 0.7451666666666665 0.7668333333333333 0.7863333333333332 0.7896666666666665 0.8159166666666668 0.8267500000000001 0.8317500000000001 0.8492500000000001 0.8588333333333336 0.8663333333333335 0.8716666666666668 0.8816666666666668 0.8916666666666667 0.8983333333333335 0.9075000000000003 0.9125000000000003 0.9170000000000001 0.9223333333333334 0.9256666666666667 0.9281666666666668 0.9306666666666668
